Maker,Fuel Type,Vehicle Category,State,RTO Name,RTO Code,Year,Month,Sales
HONDA CARS INDIA LTD,CNG ONLY,MOTOR CAR,Punjab(96), RTO GURDASPUR,PB6,2024,APR,0
HYUNDAI MOTOR INDIA LTD,CNG ONLY,MOTOR CAR,Punjab(96), RTO GURDASPUR,PB6,2024,APR,0
KIA INDIA PRIVATE LIMITED,CNG ONLY,MOTOR CAR,Punjab(96), RTO GURDASPUR,PB6,2024,APR,0
MAHINDRA & MAHINDRA LIMITED,CNG ONLY,MOTOR CAR,Punjab(96), RTO GURDASPUR,PB6,2024,APR,0
MARUTI SUZUKI INDIA LTD,CNG ONLY,MOTOR CAR,Punjab(96), RTO GURDASPUR,PB6,2024,APR,0
RENAULT INDIA PVT LTD,CNG ONLY,MOTOR CAR,Punjab(96), RTO GURDASPUR,PB6,2024,APR,0
SKODA AUTO VOLKSWAGEN INDIA PVT LTD,CNG ONLY,MOTOR CAR,Punjab(96), RTO GURDASPUR,PB6,2024,APR,0
TATA MOTORS PASSENGER VEHICLES LTD,CNG ONLY,MOTOR CAR,Punjab(96), RTO GURDASPUR,PB6,2024,APR,0
TATA PASSENGER ELECTRIC MOBILITY LTD,CNG ONLY,MOTOR CAR,Punjab(96), RTO GURDASPUR,PB6,2024,APR,0
TOYOTA KIRLOSKAR MOTOR PVT LTD,CNG ONLY,MOTOR CAR,Punjab(96), RTO GURDASPUR,PB6,2024,APR,0
HONDA CARS INDIA LTD,DIESEL,MOTOR CAR,Punjab(96), RTO GURDASPUR,PB6,2024,APR,0
HYUNDAI MOTOR INDIA LTD,DIESEL,MOTOR CAR,Punjab(96), RTO GURDASPUR,PB6,2024,APR,25
KIA INDIA PRIVATE LIMITED,DIESEL,MOTOR CAR,Punjab(96), RTO GURDASPUR,PB6,2024,APR,3
MAHINDRA & MAHINDRA LIMITED,DIESEL,MOTOR CAR,Punjab(96), RTO GURDASPUR,PB6,2024,APR,86
MARUTI SUZUKI INDIA LTD,DIESEL,MOTOR CAR,Punjab(96), RTO GURDASPUR,PB6,2024,APR,0
RENAULT INDIA PVT LTD,DIESEL,MOTOR CAR,Punjab(96), RTO GURDASPUR,PB6,2024,APR,0
SKODA AUTO VOLKSWAGEN INDIA PVT LTD,DIESEL,MOTOR CAR,Punjab(96), RTO GURDASPUR,PB6,2024,APR,0
TATA MOTORS PASSENGER VEHICLES LTD,DIESEL,MOTOR CAR,Punjab(96), RTO GURDASPUR,PB6,2024,APR,2
TATA PASSENGER ELECTRIC MOBILITY LTD,DIESEL,MOTOR CAR,Punjab(96), RTO GURDASPUR,PB6,2024,APR,0
TOYOTA KIRLOSKAR MOTOR PVT LTD,DIESEL,MOTOR CAR,Punjab(96), RTO GURDASPUR,PB6,2024,APR,5
HONDA CARS INDIA LTD,DIESEL/HYBRID,MOTOR CAR,Punjab(96), RTO GURDASPUR,PB6,2024,APR,0
HYUNDAI MOTOR INDIA LTD,DIESEL/HYBRID,MOTOR CAR,Punjab(96), RTO GURDASPUR,PB6,2024,APR,0
KIA INDIA PRIVATE LIMITED,DIESEL/HYBRID,MOTOR CAR,Punjab(96), RTO GURDASPUR,PB6,2024,APR,0
MAHINDRA & MAHINDRA LIMITED,DIESEL/HYBRID,MOTOR CAR,Punjab(96), RTO GURDASPUR,PB6,2024,APR,0
MARUTI SUZUKI INDIA LTD,DIESEL/HYBRID,MOTOR CAR,Punjab(96), RTO GURDASPUR,PB6,2024,APR,0
RENAULT INDIA PVT LTD,DIESEL/HYBRID,MOTOR CAR,Punjab(96), RTO GURDASPUR,PB6,2024,APR,0
SKODA AUTO VOLKSWAGEN INDIA PVT LTD,DIESEL/HYBRID,MOTOR CAR,Punjab(96), RTO GURDASPUR,PB6,2024,APR,0
TATA MOTORS PASSENGER VEHICLES LTD,DIESEL/HYBRID,MOTOR CAR,Punjab(96), RTO GURDASPUR,PB6,2024,APR,0
TATA PASSENGER ELECTRIC MOBILITY LTD,DIESEL/HYBRID,MOTOR CAR,Punjab(96), RTO GURDASPUR,PB6,2024,APR,0
TOYOTA KIRLOSKAR MOTOR PVT LTD,DIESEL/HYBRID,MOTOR CAR,Punjab(96), RTO GURDASPUR,PB6,2024,APR,0
HONDA CARS INDIA LTD,DI-METHYL ETHER,MOTOR CAR,Punjab(96), RTO GURDASPUR,PB6,2024,APR,0
HYUNDAI MOTOR INDIA LTD,DI-METHYL ETHER,MOTOR CAR,Punjab(96), RTO GURDASPUR,PB6,2024,APR,0
KIA INDIA PRIVATE LIMITED,DI-METHYL ETHER,MOTOR CAR,Punjab(96), RTO GURDASPUR,PB6,2024,APR,0
MAHINDRA & MAHINDRA LIMITED,DI-METHYL ETHER,MOTOR CAR,Punjab(96), RTO GURDASPUR,PB6,2024,APR,0
MARUTI SUZUKI INDIA LTD,DI-METHYL ETHER,MOTOR CAR,Punjab(96), RTO GURDASPUR,PB6,2024,APR,0
RENAULT INDIA PVT LTD,DI-METHYL ETHER,MOTOR CAR,Punjab(96), RTO GURDASPUR,PB6,2024,APR,0
SKODA AUTO VOLKSWAGEN INDIA PVT LTD,DI-METHYL ETHER,MOTOR CAR,Punjab(96), RTO GURDASPUR,PB6,2024,APR,0
TATA MOTORS PASSENGER VEHICLES LTD,DI-METHYL ETHER,MOTOR CAR,Punjab(96), RTO GURDASPUR,PB6,2024,APR,0
TATA PASSENGER ELECTRIC MOBILITY LTD,DI-METHYL ETHER,MOTOR CAR,Punjab(96), RTO GURDASPUR,PB6,2024,APR,0
TOYOTA KIRLOSKAR MOTOR PVT LTD,DI-METHYL ETHER,MOTOR CAR,Punjab(96), RTO GURDASPUR,PB6,2024,APR,0
HONDA CARS INDIA LTD,DUAL DIESEL/BIO CNG,MOTOR CAR,Punjab(96), RTO GURDASPUR,PB6,2024,APR,0
HYUNDAI MOTOR INDIA LTD,DUAL DIESEL/BIO CNG,MOTOR CAR,Punjab(96), RTO GURDASPUR,PB6,2024,APR,0
KIA INDIA PRIVATE LIMITED,DUAL DIESEL/BIO CNG,MOTOR CAR,Punjab(96), RTO GURDASPUR,PB6,2024,APR,0
MAHINDRA & MAHINDRA LIMITED,DUAL DIESEL/BIO CNG,MOTOR CAR,Punjab(96), RTO GURDASPUR,PB6,2024,APR,0
MARUTI SUZUKI INDIA LTD,DUAL DIESEL/BIO CNG,MOTOR CAR,Punjab(96), RTO GURDASPUR,PB6,2024,APR,0
RENAULT INDIA PVT LTD,DUAL DIESEL/BIO CNG,MOTOR CAR,Punjab(96), RTO GURDASPUR,PB6,2024,APR,0
SKODA AUTO VOLKSWAGEN INDIA PVT LTD,DUAL DIESEL/BIO CNG,MOTOR CAR,Punjab(96), RTO GURDASPUR,PB6,2024,APR,0
TATA MOTORS PASSENGER VEHICLES LTD,DUAL DIESEL/BIO CNG,MOTOR CAR,Punjab(96), RTO GURDASPUR,PB6,2024,APR,0
TATA PASSENGER ELECTRIC MOBILITY LTD,DUAL DIESEL/BIO CNG,MOTOR CAR,Punjab(96), RTO GURDASPUR,PB6,2024,APR,0
TOYOTA KIRLOSKAR MOTOR PVT LTD,DUAL DIESEL/BIO CNG,MOTOR CAR,Punjab(96), RTO GURDASPUR,PB6,2024,APR,0
HONDA CARS INDIA LTD,DUAL DIESEL/CNG,MOTOR CAR,Punjab(96), RTO GURDASPUR,PB6,2024,APR,0
HYUNDAI MOTOR INDIA LTD,DUAL DIESEL/CNG,MOTOR CAR,Punjab(96), RTO GURDASPUR,PB6,2024,APR,0
KIA INDIA PRIVATE LIMITED,DUAL DIESEL/CNG,MOTOR CAR,Punjab(96), RTO GURDASPUR,PB6,2024,APR,0
MAHINDRA & MAHINDRA LIMITED,DUAL DIESEL/CNG,MOTOR CAR,Punjab(96), RTO GURDASPUR,PB6,2024,APR,0
MARUTI SUZUKI INDIA LTD,DUAL DIESEL/CNG,MOTOR CAR,Punjab(96), RTO GURDASPUR,PB6,2024,APR,0
RENAULT INDIA PVT LTD,DUAL DIESEL/CNG,MOTOR CAR,Punjab(96), RTO GURDASPUR,PB6,2024,APR,0
SKODA AUTO VOLKSWAGEN INDIA PVT LTD,DUAL DIESEL/CNG,MOTOR CAR,Punjab(96), RTO GURDASPUR,PB6,2024,APR,0
TATA MOTORS PASSENGER VEHICLES LTD,DUAL DIESEL/CNG,MOTOR CAR,Punjab(96), RTO GURDASPUR,PB6,2024,APR,0
TATA PASSENGER ELECTRIC MOBILITY LTD,DUAL DIESEL/CNG,MOTOR CAR,Punjab(96), RTO GURDASPUR,PB6,2024,APR,0
TOYOTA KIRLOSKAR MOTOR PVT LTD,DUAL DIESEL/CNG,MOTOR CAR,Punjab(96), RTO GURDASPUR,PB6,2024,APR,0
HONDA CARS INDIA LTD,DUAL DIESEL/LNG,MOTOR CAR,Punjab(96), RTO GURDASPUR,PB6,2024,APR,0
HYUNDAI MOTOR INDIA LTD,DUAL DIESEL/LNG,MOTOR CAR,Punjab(96), RTO GURDASPUR,PB6,2024,APR,0
KIA INDIA PRIVATE LIMITED,DUAL DIESEL/LNG,MOTOR CAR,Punjab(96), RTO GURDASPUR,PB6,2024,APR,0
MAHINDRA & MAHINDRA LIMITED,DUAL DIESEL/LNG,MOTOR CAR,Punjab(96), RTO GURDASPUR,PB6,2024,APR,0
MARUTI SUZUKI INDIA LTD,DUAL DIESEL/LNG,MOTOR CAR,Punjab(96), RTO GURDASPUR,PB6,2024,APR,0
RENAULT INDIA PVT LTD,DUAL DIESEL/LNG,MOTOR CAR,Punjab(96), RTO GURDASPUR,PB6,2024,APR,0
SKODA AUTO VOLKSWAGEN INDIA PVT LTD,DUAL DIESEL/LNG,MOTOR CAR,Punjab(96), RTO GURDASPUR,PB6,2024,APR,0
TATA MOTORS PASSENGER VEHICLES LTD,DUAL DIESEL/LNG,MOTOR CAR,Punjab(96), RTO GURDASPUR,PB6,2024,APR,0
TATA PASSENGER ELECTRIC MOBILITY LTD,DUAL DIESEL/LNG,MOTOR CAR,Punjab(96), RTO GURDASPUR,PB6,2024,APR,0
TOYOTA KIRLOSKAR MOTOR PVT LTD,DUAL DIESEL/LNG,MOTOR CAR,Punjab(96), RTO GURDASPUR,PB6,2024,APR,0
HONDA CARS INDIA LTD,ELECTRIC(BOV),MOTOR CAR,Punjab(96), RTO GURDASPUR,PB6,2024,APR,0
HYUNDAI MOTOR INDIA LTD,ELECTRIC(BOV),MOTOR CAR,Punjab(96), RTO GURDASPUR,PB6,2024,APR,0
KIA INDIA PRIVATE LIMITED,ELECTRIC(BOV),MOTOR CAR,Punjab(96), RTO GURDASPUR,PB6,2024,APR,0
MAHINDRA & MAHINDRA LIMITED,ELECTRIC(BOV),MOTOR CAR,Punjab(96), RTO GURDASPUR,PB6,2024,APR,0
MARUTI SUZUKI INDIA LTD,ELECTRIC(BOV),MOTOR CAR,Punjab(96), RTO GURDASPUR,PB6,2024,APR,0
RENAULT INDIA PVT LTD,ELECTRIC(BOV),MOTOR CAR,Punjab(96), RTO GURDASPUR,PB6,2024,APR,0
SKODA AUTO VOLKSWAGEN INDIA PVT LTD,ELECTRIC(BOV),MOTOR CAR,Punjab(96), RTO GURDASPUR,PB6,2024,APR,0
TATA MOTORS PASSENGER VEHICLES LTD,ELECTRIC(BOV),MOTOR CAR,Punjab(96), RTO GURDASPUR,PB6,2024,APR,0
TATA PASSENGER ELECTRIC MOBILITY LTD,ELECTRIC(BOV),MOTOR CAR,Punjab(96), RTO GURDASPUR,PB6,2024,APR,4
TOYOTA KIRLOSKAR MOTOR PVT LTD,ELECTRIC(BOV),MOTOR CAR,Punjab(96), RTO GURDASPUR,PB6,2024,APR,0
HONDA CARS INDIA LTD,ETHANOL,MOTOR CAR,Punjab(96), RTO GURDASPUR,PB6,2024,APR,0
HYUNDAI MOTOR INDIA LTD,ETHANOL,MOTOR CAR,Punjab(96), RTO GURDASPUR,PB6,2024,APR,0
KIA INDIA PRIVATE LIMITED,ETHANOL,MOTOR CAR,Punjab(96), RTO GURDASPUR,PB6,2024,APR,0
MAHINDRA & MAHINDRA LIMITED,ETHANOL,MOTOR CAR,Punjab(96), RTO GURDASPUR,PB6,2024,APR,0
MARUTI SUZUKI INDIA LTD,ETHANOL,MOTOR CAR,Punjab(96), RTO GURDASPUR,PB6,2024,APR,0
RENAULT INDIA PVT LTD,ETHANOL,MOTOR CAR,Punjab(96), RTO GURDASPUR,PB6,2024,APR,0
SKODA AUTO VOLKSWAGEN INDIA PVT LTD,ETHANOL,MOTOR CAR,Punjab(96), RTO GURDASPUR,PB6,2024,APR,0
TATA MOTORS PASSENGER VEHICLES LTD,ETHANOL,MOTOR CAR,Punjab(96), RTO GURDASPUR,PB6,2024,APR,0
TATA PASSENGER ELECTRIC MOBILITY LTD,ETHANOL,MOTOR CAR,Punjab(96), RTO GURDASPUR,PB6,2024,APR,0
TOYOTA KIRLOSKAR MOTOR PVT LTD,ETHANOL,MOTOR CAR,Punjab(96), RTO GURDASPUR,PB6,2024,APR,0
HONDA CARS INDIA LTD,FUEL CELL HYDROGEN,MOTOR CAR,Punjab(96), RTO GURDASPUR,PB6,2024,APR,0
HYUNDAI MOTOR INDIA LTD,FUEL CELL HYDROGEN,MOTOR CAR,Punjab(96), RTO GURDASPUR,PB6,2024,APR,0
KIA INDIA PRIVATE LIMITED,FUEL CELL HYDROGEN,MOTOR CAR,Punjab(96), RTO GURDASPUR,PB6,2024,APR,0
MAHINDRA & MAHINDRA LIMITED,FUEL CELL HYDROGEN,MOTOR CAR,Punjab(96), RTO GURDASPUR,PB6,2024,APR,0
MARUTI SUZUKI INDIA LTD,FUEL CELL HYDROGEN,MOTOR CAR,Punjab(96), RTO GURDASPUR,PB6,2024,APR,0
RENAULT INDIA PVT LTD,FUEL CELL HYDROGEN,MOTOR CAR,Punjab(96), RTO GURDASPUR,PB6,2024,APR,0
SKODA AUTO VOLKSWAGEN INDIA PVT LTD,FUEL CELL HYDROGEN,MOTOR CAR,Punjab(96), RTO GURDASPUR,PB6,2024,APR,0
TATA MOTORS PASSENGER VEHICLES LTD,FUEL CELL HYDROGEN,MOTOR CAR,Punjab(96), RTO GURDASPUR,PB6,2024,APR,0
TATA PASSENGER ELECTRIC MOBILITY LTD,FUEL CELL HYDROGEN,MOTOR CAR,Punjab(96), RTO GURDASPUR,PB6,2024,APR,0
TOYOTA KIRLOSKAR MOTOR PVT LTD,FUEL CELL HYDROGEN,MOTOR CAR,Punjab(96), RTO GURDASPUR,PB6,2024,APR,0
HONDA CARS INDIA LTD,LNG,MOTOR CAR,Punjab(96), RTO GURDASPUR,PB6,2024,APR,0
HYUNDAI MOTOR INDIA LTD,LNG,MOTOR CAR,Punjab(96), RTO GURDASPUR,PB6,2024,APR,0
KIA INDIA PRIVATE LIMITED,LNG,MOTOR CAR,Punjab(96), RTO GURDASPUR,PB6,2024,APR,0
MAHINDRA & MAHINDRA LIMITED,LNG,MOTOR CAR,Punjab(96), RTO GURDASPUR,PB6,2024,APR,0
MARUTI SUZUKI INDIA LTD,LNG,MOTOR CAR,Punjab(96), RTO GURDASPUR,PB6,2024,APR,0
RENAULT INDIA PVT LTD,LNG,MOTOR CAR,Punjab(96), RTO GURDASPUR,PB6,2024,APR,0
SKODA AUTO VOLKSWAGEN INDIA PVT LTD,LNG,MOTOR CAR,Punjab(96), RTO GURDASPUR,PB6,2024,APR,0
TATA MOTORS PASSENGER VEHICLES LTD,LNG,MOTOR CAR,Punjab(96), RTO GURDASPUR,PB6,2024,APR,0
TATA PASSENGER ELECTRIC MOBILITY LTD,LNG,MOTOR CAR,Punjab(96), RTO GURDASPUR,PB6,2024,APR,0
TOYOTA KIRLOSKAR MOTOR PVT LTD,LNG,MOTOR CAR,Punjab(96), RTO GURDASPUR,PB6,2024,APR,0
HONDA CARS INDIA LTD,LPG ONLY,MOTOR CAR,Punjab(96), RTO GURDASPUR,PB6,2024,APR,0
HYUNDAI MOTOR INDIA LTD,LPG ONLY,MOTOR CAR,Punjab(96), RTO GURDASPUR,PB6,2024,APR,0
KIA INDIA PRIVATE LIMITED,LPG ONLY,MOTOR CAR,Punjab(96), RTO GURDASPUR,PB6,2024,APR,0
MAHINDRA & MAHINDRA LIMITED,LPG ONLY,MOTOR CAR,Punjab(96), RTO GURDASPUR,PB6,2024,APR,0
MARUTI SUZUKI INDIA LTD,LPG ONLY,MOTOR CAR,Punjab(96), RTO GURDASPUR,PB6,2024,APR,0
RENAULT INDIA PVT LTD,LPG ONLY,MOTOR CAR,Punjab(96), RTO GURDASPUR,PB6,2024,APR,0
SKODA AUTO VOLKSWAGEN INDIA PVT LTD,LPG ONLY,MOTOR CAR,Punjab(96), RTO GURDASPUR,PB6,2024,APR,0
TATA MOTORS PASSENGER VEHICLES LTD,LPG ONLY,MOTOR CAR,Punjab(96), RTO GURDASPUR,PB6,2024,APR,0
TATA PASSENGER ELECTRIC MOBILITY LTD,LPG ONLY,MOTOR CAR,Punjab(96), RTO GURDASPUR,PB6,2024,APR,0
TOYOTA KIRLOSKAR MOTOR PVT LTD,LPG ONLY,MOTOR CAR,Punjab(96), RTO GURDASPUR,PB6,2024,APR,0
HONDA CARS INDIA LTD,METHANOL,MOTOR CAR,Punjab(96), RTO GURDASPUR,PB6,2024,APR,0
HYUNDAI MOTOR INDIA LTD,METHANOL,MOTOR CAR,Punjab(96), RTO GURDASPUR,PB6,2024,APR,0
KIA INDIA PRIVATE LIMITED,METHANOL,MOTOR CAR,Punjab(96), RTO GURDASPUR,PB6,2024,APR,0
MAHINDRA & MAHINDRA LIMITED,METHANOL,MOTOR CAR,Punjab(96), RTO GURDASPUR,PB6,2024,APR,0
MARUTI SUZUKI INDIA LTD,METHANOL,MOTOR CAR,Punjab(96), RTO GURDASPUR,PB6,2024,APR,0
RENAULT INDIA PVT LTD,METHANOL,MOTOR CAR,Punjab(96), RTO GURDASPUR,PB6,2024,APR,0
SKODA AUTO VOLKSWAGEN INDIA PVT LTD,METHANOL,MOTOR CAR,Punjab(96), RTO GURDASPUR,PB6,2024,APR,0
TATA MOTORS PASSENGER VEHICLES LTD,METHANOL,MOTOR CAR,Punjab(96), RTO GURDASPUR,PB6,2024,APR,0
TATA PASSENGER ELECTRIC MOBILITY LTD,METHANOL,MOTOR CAR,Punjab(96), RTO GURDASPUR,PB6,2024,APR,0
TOYOTA KIRLOSKAR MOTOR PVT LTD,METHANOL,MOTOR CAR,Punjab(96), RTO GURDASPUR,PB6,2024,APR,0
HONDA CARS INDIA LTD,NOT APPLICABLE,MOTOR CAR,Punjab(96), RTO GURDASPUR,PB6,2024,APR,0
HYUNDAI MOTOR INDIA LTD,NOT APPLICABLE,MOTOR CAR,Punjab(96), RTO GURDASPUR,PB6,2024,APR,0
KIA INDIA PRIVATE LIMITED,NOT APPLICABLE,MOTOR CAR,Punjab(96), RTO GURDASPUR,PB6,2024,APR,0
MAHINDRA & MAHINDRA LIMITED,NOT APPLICABLE,MOTOR CAR,Punjab(96), RTO GURDASPUR,PB6,2024,APR,0
MARUTI SUZUKI INDIA LTD,NOT APPLICABLE,MOTOR CAR,Punjab(96), RTO GURDASPUR,PB6,2024,APR,0
RENAULT INDIA PVT LTD,NOT APPLICABLE,MOTOR CAR,Punjab(96), RTO GURDASPUR,PB6,2024,APR,0
SKODA AUTO VOLKSWAGEN INDIA PVT LTD,NOT APPLICABLE,MOTOR CAR,Punjab(96), RTO GURDASPUR,PB6,2024,APR,0
TATA MOTORS PASSENGER VEHICLES LTD,NOT APPLICABLE,MOTOR CAR,Punjab(96), RTO GURDASPUR,PB6,2024,APR,0
TATA PASSENGER ELECTRIC MOBILITY LTD,NOT APPLICABLE,MOTOR CAR,Punjab(96), RTO GURDASPUR,PB6,2024,APR,0
TOYOTA KIRLOSKAR MOTOR PVT LTD,NOT APPLICABLE,MOTOR CAR,Punjab(96), RTO GURDASPUR,PB6,2024,APR,0
HONDA CARS INDIA LTD,PETROL,MOTOR CAR,Punjab(96), RTO GURDASPUR,PB6,2024,APR,7
HYUNDAI MOTOR INDIA LTD,PETROL,MOTOR CAR,Punjab(96), RTO GURDASPUR,PB6,2024,APR,90
KIA INDIA PRIVATE LIMITED,PETROL,MOTOR CAR,Punjab(96), RTO GURDASPUR,PB6,2024,APR,11
MAHINDRA & MAHINDRA LIMITED,PETROL,MOTOR CAR,Punjab(96), RTO GURDASPUR,PB6,2024,APR,13
MARUTI SUZUKI INDIA LTD,PETROL,MOTOR CAR,Punjab(96), RTO GURDASPUR,PB6,2024,APR,90
RENAULT INDIA PVT LTD,PETROL,MOTOR CAR,Punjab(96), RTO GURDASPUR,PB6,2024,APR,3
SKODA AUTO VOLKSWAGEN INDIA PVT LTD,PETROL,MOTOR CAR,Punjab(96), RTO GURDASPUR,PB6,2024,APR,1
TATA MOTORS PASSENGER VEHICLES LTD,PETROL,MOTOR CAR,Punjab(96), RTO GURDASPUR,PB6,2024,APR,22
TATA PASSENGER ELECTRIC MOBILITY LTD,PETROL,MOTOR CAR,Punjab(96), RTO GURDASPUR,PB6,2024,APR,0
TOYOTA KIRLOSKAR MOTOR PVT LTD,PETROL,MOTOR CAR,Punjab(96), RTO GURDASPUR,PB6,2024,APR,9
HONDA CARS INDIA LTD,PETROL/CNG,MOTOR CAR,Punjab(96), RTO GURDASPUR,PB6,2024,APR,0
HYUNDAI MOTOR INDIA LTD,PETROL/CNG,MOTOR CAR,Punjab(96), RTO GURDASPUR,PB6,2024,APR,0
KIA INDIA PRIVATE LIMITED,PETROL/CNG,MOTOR CAR,Punjab(96), RTO GURDASPUR,PB6,2024,APR,0
MAHINDRA & MAHINDRA LIMITED,PETROL/CNG,MOTOR CAR,Punjab(96), RTO GURDASPUR,PB6,2024,APR,0
MARUTI SUZUKI INDIA LTD,PETROL/CNG,MOTOR CAR,Punjab(96), RTO GURDASPUR,PB6,2024,APR,8
RENAULT INDIA PVT LTD,PETROL/CNG,MOTOR CAR,Punjab(96), RTO GURDASPUR,PB6,2024,APR,0
SKODA AUTO VOLKSWAGEN INDIA PVT LTD,PETROL/CNG,MOTOR CAR,Punjab(96), RTO GURDASPUR,PB6,2024,APR,0
TATA MOTORS PASSENGER VEHICLES LTD,PETROL/CNG,MOTOR CAR,Punjab(96), RTO GURDASPUR,PB6,2024,APR,2
TATA PASSENGER ELECTRIC MOBILITY LTD,PETROL/CNG,MOTOR CAR,Punjab(96), RTO GURDASPUR,PB6,2024,APR,0
TOYOTA KIRLOSKAR MOTOR PVT LTD,PETROL/CNG,MOTOR CAR,Punjab(96), RTO GURDASPUR,PB6,2024,APR,0
HONDA CARS INDIA LTD,PETROL/ETHANOL,MOTOR CAR,Punjab(96), RTO GURDASPUR,PB6,2024,APR,0
HYUNDAI MOTOR INDIA LTD,PETROL/ETHANOL,MOTOR CAR,Punjab(96), RTO GURDASPUR,PB6,2024,APR,0
KIA INDIA PRIVATE LIMITED,PETROL/ETHANOL,MOTOR CAR,Punjab(96), RTO GURDASPUR,PB6,2024,APR,0
MAHINDRA & MAHINDRA LIMITED,PETROL/ETHANOL,MOTOR CAR,Punjab(96), RTO GURDASPUR,PB6,2024,APR,0
MARUTI SUZUKI INDIA LTD,PETROL/ETHANOL,MOTOR CAR,Punjab(96), RTO GURDASPUR,PB6,2024,APR,0
RENAULT INDIA PVT LTD,PETROL/ETHANOL,MOTOR CAR,Punjab(96), RTO GURDASPUR,PB6,2024,APR,0
SKODA AUTO VOLKSWAGEN INDIA PVT LTD,PETROL/ETHANOL,MOTOR CAR,Punjab(96), RTO GURDASPUR,PB6,2024,APR,0
TATA MOTORS PASSENGER VEHICLES LTD,PETROL/ETHANOL,MOTOR CAR,Punjab(96), RTO GURDASPUR,PB6,2024,APR,0
TATA PASSENGER ELECTRIC MOBILITY LTD,PETROL/ETHANOL,MOTOR CAR,Punjab(96), RTO GURDASPUR,PB6,2024,APR,0
TOYOTA KIRLOSKAR MOTOR PVT LTD,PETROL/ETHANOL,MOTOR CAR,Punjab(96), RTO GURDASPUR,PB6,2024,APR,0
HONDA CARS INDIA LTD,PETROL/HYBRID,MOTOR CAR,Punjab(96), RTO GURDASPUR,PB6,2024,APR,0
HYUNDAI MOTOR INDIA LTD,PETROL/HYBRID,MOTOR CAR,Punjab(96), RTO GURDASPUR,PB6,2024,APR,0
KIA INDIA PRIVATE LIMITED,PETROL/HYBRID,MOTOR CAR,Punjab(96), RTO GURDASPUR,PB6,2024,APR,0
MAHINDRA & MAHINDRA LIMITED,PETROL/HYBRID,MOTOR CAR,Punjab(96), RTO GURDASPUR,PB6,2024,APR,0
MARUTI SUZUKI INDIA LTD,PETROL/HYBRID,MOTOR CAR,Punjab(96), RTO GURDASPUR,PB6,2024,APR,37
RENAULT INDIA PVT LTD,PETROL/HYBRID,MOTOR CAR,Punjab(96), RTO GURDASPUR,PB6,2024,APR,0
SKODA AUTO VOLKSWAGEN INDIA PVT LTD,PETROL/HYBRID,MOTOR CAR,Punjab(96), RTO GURDASPUR,PB6,2024,APR,0
TATA MOTORS PASSENGER VEHICLES LTD,PETROL/HYBRID,MOTOR CAR,Punjab(96), RTO GURDASPUR,PB6,2024,APR,0
TATA PASSENGER ELECTRIC MOBILITY LTD,PETROL/HYBRID,MOTOR CAR,Punjab(96), RTO GURDASPUR,PB6,2024,APR,0
TOYOTA KIRLOSKAR MOTOR PVT LTD,PETROL/HYBRID,MOTOR CAR,Punjab(96), RTO GURDASPUR,PB6,2024,APR,6
HONDA CARS INDIA LTD,PETROL/LPG,MOTOR CAR,Punjab(96), RTO GURDASPUR,PB6,2024,APR,0
HYUNDAI MOTOR INDIA LTD,PETROL/LPG,MOTOR CAR,Punjab(96), RTO GURDASPUR,PB6,2024,APR,0
KIA INDIA PRIVATE LIMITED,PETROL/LPG,MOTOR CAR,Punjab(96), RTO GURDASPUR,PB6,2024,APR,0
MAHINDRA & MAHINDRA LIMITED,PETROL/LPG,MOTOR CAR,Punjab(96), RTO GURDASPUR,PB6,2024,APR,0
MARUTI SUZUKI INDIA LTD,PETROL/LPG,MOTOR CAR,Punjab(96), RTO GURDASPUR,PB6,2024,APR,0
RENAULT INDIA PVT LTD,PETROL/LPG,MOTOR CAR,Punjab(96), RTO GURDASPUR,PB6,2024,APR,0
SKODA AUTO VOLKSWAGEN INDIA PVT LTD,PETROL/LPG,MOTOR CAR,Punjab(96), RTO GURDASPUR,PB6,2024,APR,0
TATA MOTORS PASSENGER VEHICLES LTD,PETROL/LPG,MOTOR CAR,Punjab(96), RTO GURDASPUR,PB6,2024,APR,0
TATA PASSENGER ELECTRIC MOBILITY LTD,PETROL/LPG,MOTOR CAR,Punjab(96), RTO GURDASPUR,PB6,2024,APR,0
TOYOTA KIRLOSKAR MOTOR PVT LTD,PETROL/LPG,MOTOR CAR,Punjab(96), RTO GURDASPUR,PB6,2024,APR,0
HONDA CARS INDIA LTD,PETROL/METHANOL,MOTOR CAR,Punjab(96), RTO GURDASPUR,PB6,2024,APR,0
HYUNDAI MOTOR INDIA LTD,PETROL/METHANOL,MOTOR CAR,Punjab(96), RTO GURDASPUR,PB6,2024,APR,0
KIA INDIA PRIVATE LIMITED,PETROL/METHANOL,MOTOR CAR,Punjab(96), RTO GURDASPUR,PB6,2024,APR,0
MAHINDRA & MAHINDRA LIMITED,PETROL/METHANOL,MOTOR CAR,Punjab(96), RTO GURDASPUR,PB6,2024,APR,0
MARUTI SUZUKI INDIA LTD,PETROL/METHANOL,MOTOR CAR,Punjab(96), RTO GURDASPUR,PB6,2024,APR,0
RENAULT INDIA PVT LTD,PETROL/METHANOL,MOTOR CAR,Punjab(96), RTO GURDASPUR,PB6,2024,APR,0
SKODA AUTO VOLKSWAGEN INDIA PVT LTD,PETROL/METHANOL,MOTOR CAR,Punjab(96), RTO GURDASPUR,PB6,2024,APR,0
TATA MOTORS PASSENGER VEHICLES LTD,PETROL/METHANOL,MOTOR CAR,Punjab(96), RTO GURDASPUR,PB6,2024,APR,0
TATA PASSENGER ELECTRIC MOBILITY LTD,PETROL/METHANOL,MOTOR CAR,Punjab(96), RTO GURDASPUR,PB6,2024,APR,0
TOYOTA KIRLOSKAR MOTOR PVT LTD,PETROL/METHANOL,MOTOR CAR,Punjab(96), RTO GURDASPUR,PB6,2024,APR,0
HONDA CARS INDIA LTD,PLUG-IN HYBRID EV,MOTOR CAR,Punjab(96), RTO GURDASPUR,PB6,2024,APR,0
HYUNDAI MOTOR INDIA LTD,PLUG-IN HYBRID EV,MOTOR CAR,Punjab(96), RTO GURDASPUR,PB6,2024,APR,0
KIA INDIA PRIVATE LIMITED,PLUG-IN HYBRID EV,MOTOR CAR,Punjab(96), RTO GURDASPUR,PB6,2024,APR,0
MAHINDRA & MAHINDRA LIMITED,PLUG-IN HYBRID EV,MOTOR CAR,Punjab(96), RTO GURDASPUR,PB6,2024,APR,0
MARUTI SUZUKI INDIA LTD,PLUG-IN HYBRID EV,MOTOR CAR,Punjab(96), RTO GURDASPUR,PB6,2024,APR,0
RENAULT INDIA PVT LTD,PLUG-IN HYBRID EV,MOTOR CAR,Punjab(96), RTO GURDASPUR,PB6,2024,APR,0
SKODA AUTO VOLKSWAGEN INDIA PVT LTD,PLUG-IN HYBRID EV,MOTOR CAR,Punjab(96), RTO GURDASPUR,PB6,2024,APR,0
TATA MOTORS PASSENGER VEHICLES LTD,PLUG-IN HYBRID EV,MOTOR CAR,Punjab(96), RTO GURDASPUR,PB6,2024,APR,0
TATA PASSENGER ELECTRIC MOBILITY LTD,PLUG-IN HYBRID EV,MOTOR CAR,Punjab(96), RTO GURDASPUR,PB6,2024,APR,0
TOYOTA KIRLOSKAR MOTOR PVT LTD,PLUG-IN HYBRID EV,MOTOR CAR,Punjab(96), RTO GURDASPUR,PB6,2024,APR,0
HONDA CARS INDIA LTD,PURE EV,MOTOR CAR,Punjab(96), RTO GURDASPUR,PB6,2024,APR,0
HYUNDAI MOTOR INDIA LTD,PURE EV,MOTOR CAR,Punjab(96), RTO GURDASPUR,PB6,2024,APR,0
KIA INDIA PRIVATE LIMITED,PURE EV,MOTOR CAR,Punjab(96), RTO GURDASPUR,PB6,2024,APR,0
MAHINDRA & MAHINDRA LIMITED,PURE EV,MOTOR CAR,Punjab(96), RTO GURDASPUR,PB6,2024,APR,0
MARUTI SUZUKI INDIA LTD,PURE EV,MOTOR CAR,Punjab(96), RTO GURDASPUR,PB6,2024,APR,0
RENAULT INDIA PVT LTD,PURE EV,MOTOR CAR,Punjab(96), RTO GURDASPUR,PB6,2024,APR,0
SKODA AUTO VOLKSWAGEN INDIA PVT LTD,PURE EV,MOTOR CAR,Punjab(96), RTO GURDASPUR,PB6,2024,APR,0
TATA MOTORS PASSENGER VEHICLES LTD,PURE EV,MOTOR CAR,Punjab(96), RTO GURDASPUR,PB6,2024,APR,0
TATA PASSENGER ELECTRIC MOBILITY LTD,PURE EV,MOTOR CAR,Punjab(96), RTO GURDASPUR,PB6,2024,APR,0
TOYOTA KIRLOSKAR MOTOR PVT LTD,PURE EV,MOTOR CAR,Punjab(96), RTO GURDASPUR,PB6,2024,APR,0
HONDA CARS INDIA LTD,SOLAR,MOTOR CAR,Punjab(96), RTO GURDASPUR,PB6,2024,APR,0
HYUNDAI MOTOR INDIA LTD,SOLAR,MOTOR CAR,Punjab(96), RTO GURDASPUR,PB6,2024,APR,0
KIA INDIA PRIVATE LIMITED,SOLAR,MOTOR CAR,Punjab(96), RTO GURDASPUR,PB6,2024,APR,0
MAHINDRA & MAHINDRA LIMITED,SOLAR,MOTOR CAR,Punjab(96), RTO GURDASPUR,PB6,2024,APR,0
MARUTI SUZUKI INDIA LTD,SOLAR,MOTOR CAR,Punjab(96), RTO GURDASPUR,PB6,2024,APR,0
RENAULT INDIA PVT LTD,SOLAR,MOTOR CAR,Punjab(96), RTO GURDASPUR,PB6,2024,APR,0
SKODA AUTO VOLKSWAGEN INDIA PVT LTD,SOLAR,MOTOR CAR,Punjab(96), RTO GURDASPUR,PB6,2024,APR,0
TATA MOTORS PASSENGER VEHICLES LTD,SOLAR,MOTOR CAR,Punjab(96), RTO GURDASPUR,PB6,2024,APR,0
TATA PASSENGER ELECTRIC MOBILITY LTD,SOLAR,MOTOR CAR,Punjab(96), RTO GURDASPUR,PB6,2024,APR,0
TOYOTA KIRLOSKAR MOTOR PVT LTD,SOLAR,MOTOR CAR,Punjab(96), RTO GURDASPUR,PB6,2024,APR,0
HONDA CARS INDIA LTD,STRONG HYBRID EV,MOTOR CAR,Punjab(96), RTO GURDASPUR,PB6,2024,APR,0
HYUNDAI MOTOR INDIA LTD,STRONG HYBRID EV,MOTOR CAR,Punjab(96), RTO GURDASPUR,PB6,2024,APR,0
KIA INDIA PRIVATE LIMITED,STRONG HYBRID EV,MOTOR CAR,Punjab(96), RTO GURDASPUR,PB6,2024,APR,0
MAHINDRA & MAHINDRA LIMITED,STRONG HYBRID EV,MOTOR CAR,Punjab(96), RTO GURDASPUR,PB6,2024,APR,0
MARUTI SUZUKI INDIA LTD,STRONG HYBRID EV,MOTOR CAR,Punjab(96), RTO GURDASPUR,PB6,2024,APR,0
RENAULT INDIA PVT LTD,STRONG HYBRID EV,MOTOR CAR,Punjab(96), RTO GURDASPUR,PB6,2024,APR,0
SKODA AUTO VOLKSWAGEN INDIA PVT LTD,STRONG HYBRID EV,MOTOR CAR,Punjab(96), RTO GURDASPUR,PB6,2024,APR,0
TATA MOTORS PASSENGER VEHICLES LTD,STRONG HYBRID EV,MOTOR CAR,Punjab(96), RTO GURDASPUR,PB6,2024,APR,0
TATA PASSENGER ELECTRIC MOBILITY LTD,STRONG HYBRID EV,MOTOR CAR,Punjab(96), RTO GURDASPUR,PB6,2024,APR,0
TOYOTA KIRLOSKAR MOTOR PVT LTD,STRONG HYBRID EV,MOTOR CAR,Punjab(96), RTO GURDASPUR,PB6,2024,APR,1
